Run 1
MS Modes:
[[-0.5963  1.2723]
 [ 1.3289 -1.2087]
 [ 0.9276  1.1739]
 [-1.2733 -1.224 ]
 [-0.9965  0.5819]
 [ 1.1751  0.0806]]
DPMS Modes:
[[-3.2673 -3.0729]
 [-5.5945 -5.5537]
 [-2.2524 -6.4109]
 [-6.3528 -2.4134]]

Run 2
MS Modes:
[[-1.2711 -1.2057]
 [-0.7848  1.258 ]
 [ 0.9147  1.189 ]
 [ 1.318  -1.1574]
 [ 1.2082 -0.4228]
 [-1.1213 -0.221 ]
 [ 1.1579  0.389 ]
 [-1.0008  0.5707]]
DPMS Modes:
[[ 2.0836  1.8573]
 [ 4.5783 -1.4151]
 [ 1.359  -1.5403]
 [ 5.1293  1.4049]]

Run 3
MS Modes:
[[ 0.8999  1.1908]
 [ 1.3325 -1.2241]
 [-1.0351  0.3937]
 [-1.2605 -1.2048]
 [ 1.152   0.4351]
 [-0.7573  1.315 ]
 [-0.2751 -0.8783]]
DPMS Modes:
[[12.7193 -2.5867]
 [15.0614 -5.3733]
 [12.1833 -5.3235]
 [15.811  -3.0079]]

Run 4
MS Modes:
[[-0.8259  1.2334]
 [-1.2675 -1.1814]
 [ 0.927   1.1681]
 [ 1.3377 -1.2437]
 [-0.1072  0.2226]
 [ 1.1955 -0.142 ]
 [-1.0963 -0.0396]]
DPMS Modes:
[[ -1.8777  -7.1725]
 [ -4.8089  -7.7125]
 [ -0.8675 -10.3927]
 [ -4.1646 -10.58  ]]

Run 5
MS Modes:
[[-0.9772  0.5554]
 [-1.2508 -1.212 ]
 [ 1.336  -1.2388]
 [-0.7313  1.3065]
 [ 0.9344  1.1788]
 [ 1.0979 -0.4334]]
DPMS Modes:
[[-1.7055 -5.1579]
 [-4.5076 -6.1636]
 [-3.5751 -2.2971]
 [-4.8267 -4.1708]]

Run 6
MS Modes:
[[-0.8427  1.2287]
 [ 0.9569  1.1611]
 [ 1.3383 -1.2482]
 [-1.2768 -1.2289]
 [ 1.1982 -0.2738]
 [-0.1072  0.2226]]
DPMS Modes:
[[ 9.9924  3.1643]
 [12.9491  2.5436]
 [ 9.8674 -0.0459]
 [13.174  -0.5556]]

Run 7
MS Modes:
[[ 1.3166 -1.1892]
 [ 0.8761  1.2038]
 [-0.7971  1.262 ]
 [-1.2569 -1.1869]
 [-1.0465  0.2892]
 [ 1.1686  0.2777]
 [ 1.2155 -0.4746]
 [-0.2751 -0.8783]]
DPMS Modes:
[[ 7.8985 -0.1634]
 [ 7.7359  2.6656]
 [ 5.0901  0.1608]
 [ 5.1109  2.8455]]

Run 8
MS Modes:
[[-1.2633 -1.1562]
 [ 1.3315 -1.2302]
 [ 0.9331  1.161 ]
 [-0.6713  1.3057]
 [-1.0355  0.3534]]
DPMS Modes:
[[15.9907  3.8346]
 [12.2942  2.2024]
 [12.8373  4.9414]
 [14.7561  1.0408]]

Run 9
MS Modes:
[[ 0.9127  1.179 ]
 [-0.7643  1.2785]
 [-1.2744 -1.2228]
 [ 1.3342 -1.2296]
 [ 1.2169 -0.519 ]
 [-1.1204 -0.1854]]
DPMS Modes:
[[ 0.1637  0.7698]
 [-2.8004  1.6664]
 [ 0.5107 -2.2539]
 [-2.5777 -1.2778]]

Run 10
MS Modes:
[[ 1.3297 -1.2037]
 [ 0.9208  1.1675]
 [-1.2709 -1.2003]
 [-0.7661  1.2992]
 [ 1.0322 -0.4125]
 [-0.0045  1.3214]
 [-1.0639  0.1754]]
DPMS Modes:
[[ 2.5823  0.2213]
 [-0.1788 -1.4405]
 [ 3.11   -2.9241]
 [ 0.5286  1.8496]]

Run 11
MS Modes:
[[-1.2406 -1.1754]
 [ 1.3331 -1.2157]
 [ 0.9203  1.1798]
 [-0.8297  1.2522]
 [ 0.0505  1.3174]
 [ 0.8066 -0.4968]
 [ 1.1904 -0.1722]]
DPMS Modes:
[[-6.3248  1.6468]
 [-8.4462 -1.6132]
 [-4.5306  0.1618]
 [-5.2944 -2.3603]]

Run 12
MS Modes:
[[ 1.3183 -1.2216]
 [-0.7792  1.2777]
 [-1.2718 -1.2073]
 [ 0.9193  1.188 ]
 [-1.0535  0.2865]
 [ 0.5038 -0.4709]
 [ 1.1816 -0.0208]]
DPMS Modes:
[[8.21   5.8265]
 [5.5549 3.4758]
 [8.9502 2.5724]
 [4.8014 6.4704]]

Run 13
MS Modes:
[[-0.7614  1.2853]
 [ 0.8941  1.1702]
 [-1.2643 -1.169 ]
 [ 1.3275 -1.1957]
 [ 1.1816 -0.1023]
 [-1.1141 -0.1463]
 [-0.1072  0.2226]]
DPMS Modes:
[[-3.3028  1.9917]
 [ 0.186   2.4185]
 [-3.3488 -1.0383]
 [-0.0923 -0.5751]]

Run 14
MS Modes:
[[-1.2588 -1.2029]
 [-0.6979  1.2719]
 [ 0.9549  1.1714]
 [ 1.337  -1.2423]
 [ 1.1735  0.2125]
 [-1.0532  0.2884]]
DPMS Modes:
[[ -0.9161  -8.1295]
 [ -1.4721 -11.4152]
 [  1.8524 -11.126 ]
 [  1.9157  -7.828 ]]

Run 15
MS Modes:
[[ 1.3337 -1.2236]
 [ 0.3475  1.2901]
 [-0.8502  1.2977]
 [ 0.9666  1.1587]
 [-1.2584 -1.211 ]
 [ 1.1199  0.4126]
 [-1.0483  0.3024]]
DPMS Modes:
[[ 3.3599 -0.4659]
 [ 0.8175  2.8494]
 [ 0.3794 -0.7463]
 [ 3.3946  2.2111]]

Run 16
MS Modes:
[[ 1.3379 -1.2409]
 [-0.7603  1.3145]
 [-1.2501 -1.2167]
 [ 0.9085  1.1864]
 [-1.0328  0.2711]
 [ 1.1402  0.2449]
 [ 0.5043 -0.5646]
 [-0.2751 -0.8783]]
DPMS Modes:
[[ 2.4892 -6.7311]
 [ 5.6277 -4.1502]
 [ 2.9685 -3.1713]
 [ 6.0172 -7.249 ]]

Run 17
MS Modes:
[[ 0.9145  1.1828]
 [-1.2763 -1.2199]
 [-0.7983  1.3009]
 [ 1.1963 -0.2373]
 [ 1.3398 -1.2489]
 [-1.0328  0.2711]
 [-0.2751 -0.8783]
 [ 0.5043 -0.5646]]
DPMS Modes:
[[-1.5622 -1.1776]
 [ 0.8607 -4.2361]
 [-1.9888 -4.5447]
 [ 2.0798 -1.7198]]

Run 18
MS Modes:
[[-1.2675 -1.1862]
 [ 1.3358 -1.2329]
 [-0.7417  1.2883]
 [ 0.9091  1.1911]
 [ 1.1988 -0.2914]
 [-1.0327  0.4293]]
DPMS Modes:
[[-0.9876  0.083 ]
 [ 1.8526 -3.6483]
 [-1.8656 -3.0261]
 [ 1.9055 -0.9088]]

Run 19
MS Modes:
[[ 0.9387  1.178 ]
 [-1.2717 -1.2041]
 [-0.7876  1.2515]
 [ 1.3303 -1.2041]
 [ 1.1441 -0.3028]]
DPMS Modes:
[[ 0.2639  5.7629]
 [ 2.8697  3.0558]
 [-0.0517  2.6633]
 [ 3.1115  5.6765]]

Run 20
MS Modes:
[[-1.244  -1.1624]
 [ 0.9197  1.1674]
 [-0.8334  1.2749]
 [ 1.3338 -1.2276]
 [ 0.1466  1.3153]
 [-1.0532  0.2884]
 [ 1.1945 -0.2345]]
DPMS Modes:
[[-1.0428  2.5743]
 [ 1.6527 -0.1685]
 [ 1.7773  3.201 ]
 [-1.6845 -0.2815]]
