Run 1
MS Modes:
[[-4.9055  4.9276]
 [ 4.9241 -4.9484]
 [ 4.9324  4.9490]
 [-4.9345 -4.9004]]
DPMS Modes:
[[  8.6947  -0.1400]
 [ -1.3097 -17.9084]
 [ -6.3432  14.1437]
 [-12.5264  -2.6905]]

Run 2
MS Modes:
[[-4.9345 -4.9004]
 [-4.9055  4.9276]
 [ 4.9324  4.9490]
 [ 4.9241 -4.9484]]
DPMS Modes:
[[ -0.5438  -6.6721]
 [  4.7000  14.0606]
 [-15.8025   6.3714]
 [ 18.0827   0.7259]]

Run 3
MS Modes:
[[ 4.9324  4.9490]
 [-4.9055  4.9276]
 [ 4.9241 -4.9484]
 [-4.9345 -4.9004]]
DPMS Modes:
[[-12.6654   1.2313]
 [  2.3152 -11.1114]
 [  5.8950   9.1245]
 [ 19.5620  -6.3682]]

Run 4
MS Modes:
[[ 4.9241 -4.9484]
 [-4.9345 -4.9004]
 [-4.9055  4.9276]
 [ 4.9324  4.9490]]
DPMS Modes:
[[  7.6528   4.7981]
 [ -7.9808   7.3728]
 [  8.0650 -13.9064]
 [-13.8769  -7.7027]]

Run 5
MS Modes:
[[-4.9055  4.9276]
 [-4.9345 -4.9004]
 [ 4.9241 -4.9484]
 [ 4.9324  4.9490]]
DPMS Modes:
[[  3.5462  -6.7020]
 [-15.8549  -7.4550]
 [  8.7464  10.9873]
 [-10.5941  12.2602]]

Run 6
MS Modes:
[[ 4.9241 -4.9484]
 [-4.9055  4.9276]
 [ 4.9324  4.9490]
 [-4.9345 -4.9004]]
DPMS Modes:
[[-10.8065   9.2093]
 [  7.8411  -3.4273]
 [ -3.9247 -12.9153]
 [ 14.2788  11.0770]]

Run 7
MS Modes:
[[-4.9345 -4.9004]
 [ 4.9241 -4.9484]
 [ 4.9324  4.9490]
 [-4.9055  4.9276]]
DPMS Modes:
[[ -7.9626  -7.2969]
 [  8.3244   7.4364]
 [-10.2250  13.9551]
 [ 15.5967 -10.6706]]

Run 8
MS Modes:
[[ 4.9324  4.9490]
 [-4.9055  4.9276]
 [-4.9345 -4.9004]
 [ 4.9241 -4.9484]]
DPMS Modes:
[[  5.3784  -4.7339]
 [  9.7450  11.5422]
 [-11.5843   9.5441]
 [-10.2549 -10.6681]]

Run 9
MS Modes:
[[-4.9345 -4.9004]
 [ 4.9324  4.9490]
 [ 4.9241 -4.9484]
 [-4.9055  4.9276]]
DPMS Modes:
[[-11.5733   7.7361]
 [  7.4627 -13.8505]
 [ 13.7440  10.8513]
 [  0.0405  -2.6588]]

Run 10
MS Modes:
[[-4.9055  4.9276]
 [-4.9345 -4.9004]
 [ 4.9241 -4.9484]
 [ 4.9324  4.9490]]
DPMS Modes:
[[-14.9320   1.5844]
 [  0.8489 -10.5018]
 [  4.8503  10.9694]
 [ 18.4781  -5.5322]]

Run 11
MS Modes:
[[ 4.9241 -4.9484]
 [-4.9055  4.9276]
 [ 4.9324  4.9490]
 [-4.9345 -4.9004]]
DPMS Modes:
[[ -3.3768  -5.8321]
 [ 14.3880  -5.9659]
 [-12.6622   9.0277]
 [  8.2881  14.9156]]

Run 12
MS Modes:
[[ 4.9324  4.9490]
 [-4.9345 -4.9004]
 [ 4.9241 -4.9484]
 [-4.9055  4.9276]]
DPMS Modes:
[[ -0.4908   7.9517]
 [-15.7864  -2.2238]
 [  3.5647 -14.6631]
 [ 16.1686   2.7659]]

Run 13
MS Modes:
[[-4.9345 -4.9004]
 [ 4.9324  4.9490]
 [ 4.9241 -4.9484]
 [-4.9055  4.9276]]
DPMS Modes:
[[ 13.3190  -1.5394]
 [ -2.5543  -8.3387]
 [ -3.7914  14.2733]
 [-15.9563  -1.1632]]

Run 14
MS Modes:
[[ 4.9324  4.9490]
 [-4.9055  4.9276]
 [-4.9345 -4.9004]
 [ 4.9241 -4.9484]]
DPMS Modes:
[[ 12.3377   6.0605]
 [-14.6004  -4.6107]
 [  0.9834  -7.8230]
 [ -8.3347  13.4177]]

Run 15
MS Modes:
[[-4.9055  4.9276]
 [-4.9345 -4.9004]
 [ 4.9241 -4.9484]
 [ 4.9324  4.9490]]
DPMS Modes:
[[  1.9358 -15.0148]
 [-14.9374   8.2833]
 [ 11.9117   7.3026]
 [ -2.2930  -0.0654]]

Run 16
MS Modes:
[[ 4.9324  4.9490]
 [-4.9055  4.9276]
 [ 4.9241 -4.9484]
 [-4.9345 -4.9004]]
DPMS Modes:
[[  9.6163   3.3868]
 [-12.5369  -5.3582]
 [ -4.4302  12.9077]
 [  6.9604 -14.4444]]

Run 17
MS Modes:
[[-4.9345 -4.9004]
 [ 4.9324  4.9490]
 [ 4.9241 -4.9484]
 [-4.9055  4.9276]]
DPMS Modes:
[[-10.4955  10.3429]
 [ -3.5937  -7.0646]
 [  9.6195   9.4295]
 [ 12.5315  -9.7851]]

Run 18
MS Modes:
[[ 4.9241 -4.9484]
 [-4.9345 -4.9004]
 [-4.9055  4.9276]
 [ 4.9324  4.9490]]
DPMS Modes:
[[ -1.4255 -11.1943]
 [ -9.6886   3.5371]
 [ 14.1737   1.2014]
 [  2.1522  16.8673]]

Run 19
MS Modes:
[[-4.9055  4.9276]
 [ 4.9241 -4.9484]
 [-4.9345 -4.9004]
 [ 4.9324  4.9490]]
DPMS Modes:
[[ -3.6495   9.6782]
 [ -2.3981 -14.7411]
 [ 12.3621  -1.7110]
 [-17.5603  -4.9819]]

Run 20
MS Modes:
[[-4.9055  4.9276]
 [ 4.9241 -4.9484]
 [ 4.9324  4.9490]
 [-4.9345 -4.9004]]
DPMS Modes:
[[ -4.2919   3.3011]
 [ 17.1340  -5.8308]
 [ -6.0197 -15.2060]
 [ 10.9160  16.4538]]

